              precision    recall  f1-score   support

           0       0.80      0.50      0.62         8
           1       0.73      1.00      0.84         8
           2       1.00      0.50      0.67         2
           3       0.80      1.00      0.89         4
           4       0.50      0.80      0.62         5
           5       0.33      1.00      0.50         1
           6       1.00      0.33      0.50         3
           7       1.00      0.71      0.83         7
           8       0.38      1.00      0.55         3
           9       0.85      0.69      0.76        16
          10       0.00      0.00      0.00         3

    accuracy                           0.70        60
   macro avg       0.67      0.69      0.62        60
weighted avg       0.75      0.70      0.69        60
