              precision    recall  f1-score   support

           0       0.13      1.00      0.24         8
           1       0.00      0.00      0.00         8
           2       0.00      0.00      0.00         2
           3       0.00      0.00      0.00         4
           4       0.00      0.00      0.00         5
           5       0.00      0.00      0.00         1
           6       0.00      0.00      0.00         3
           7       0.00      0.00      0.00         7
           8       0.00      0.00      0.00         3
           9       0.00      0.00      0.00        16
          10       0.00      0.00      0.00         3

    accuracy                           0.13        60
   macro avg       0.01      0.09      0.02        60
weighted avg       0.02      0.13      0.03        60
