              precision    recall  f1-score   support

           0       0.38      0.75      0.50         8
           1       0.62      0.62      0.62         8
           2       1.00      0.50      0.67         2
           3       0.40      0.50      0.44         4
           4       1.00      0.40      0.57         5
           5       0.00      0.00      0.00         1
           6       1.00      0.33      0.50         3
           7       1.00      0.71      0.83         7
           8       0.38      1.00      0.55         3
           9       0.64      0.44      0.52        16
          10       1.00      0.67      0.80         3

    accuracy                           0.57        60
   macro avg       0.67      0.54      0.55        60
weighted avg       0.68      0.57      0.58        60
